0.0009029896697186644
0.00047314828861131947
0.010852462556300273
0.2075320396583007
0.335924264228335
0.4005003674904792
0.38782282129460016
0.39106782020030256
0.407104622004702
0.44910750693356744
0.49929540002240724
0.5381962231065185
0.5106701272295978
0.001405135909570949
0.0005452910018985434
0.0006416627768423171
0.13224622661006505
0.3309106619134942
0.3709056009197354
0.3848390504210692
0.39662143012157375
0.4051351578614873
0.4404987336139313
0.49883378625389785
0.5380891404242882
0.5109039454327834
0.0010337962321017031
0.0004922382649515498
0.0004051844434199112
0.10259298968225072
0.31313102051517266
0.37740500711388714
0.37978848543353144
0.38735748297300426
0.4075941633387858
0.44510334648943684
0.4977594686693208
0.5382205461619817
0.5097836570388729
